n  B  f    P(victim in larger fork)  mean blockers' fork size  mean remaining size
8  3  0.05 0.987                     3.2                       4.8
8  3  0.2  0.816                     3.8                       4.2
8  3  0.4  0.480                     4.6                       3.4
8  3  0.6  0.176                     5.4                       2.6
8  5  0.05 0.000                     5.1                       2.9
8  5  0.2  0.000                     5.4                       2.6
8  5  0.4  0.000                     5.8                       2.2
8  5  0.6  0.000                     6.2                       1.8
12 3  0.05 1.000                     3.4                       8.6
12 3  0.2  0.945                     4.6                       7.4
12 3  0.4  0.596                     6.2                       5.8
12 3  0.6  0.175                     7.8                       4.2
12 5  0.05 0.968                     5.3                       6.7
12 5  0.2  0.654                     6.2                       5.8
12 5  0.4  0.236                     7.4                       4.6
12 5  0.6  0.038                     8.6                       3.4
12 8  0.05 0.000                     8.1                       3.9
12 8  0.2  0.000                     8.6                       3.4
12 8  0.4  0.000                     9.2                       2.8
12 8  0.6  0.000                     9.8                       2.2
20 3  0.05 1.000                     3.8                       16.2
20 3  0.2  0.993                     6.2                       13.8
20 3  0.4  0.712                     9.4                       10.6
20 3  0.6  0.140                     12.6                      7.4
20 5  0.05 1.000                     5.7                       14.3
20 5  0.2  0.955                     7.8                       12.2
20 5  0.4  0.487                     10.6                      9.4
20 5  0.6  0.058                     13.4                      6.6
20 8  0.05 0.985                     8.5                       11.5
20 8  0.2  0.612                     10.2                      9.8
20 8  0.4  0.118                     12.4                      7.6
20 8  0.6  0.007                     14.6                      5.4
42 3  0.05 1.000                     4.9                       37.1
42 3  0.2  1.000                     10.6                      31.4
42 3  0.4  0.861                     18.2                      23.8
42 3  0.6  0.077                     25.8                      16.2
42 5  0.05 1.000                     6.8                       35.2
42 5  0.2  1.000                     12.2                      29.8
42 5  0.4  0.764                     19.4                      22.6
42 5  0.6  0.042                     26.6                      15.4
42 8  0.05 1.000                     9.6                       32.4
42 8  0.2  0.997                     14.6                      27.4
42 8  0.4  0.551                     21.2                      20.8
42 8  0.6  0.013                     27.8                      14.2
60 3  0.05 1.000                     5.8                       54.2
60 3  0.2  1.000                     14.2                      45.8
60 3  0.4  0.914                     25.4                      34.6
60 3  0.6  0.050                     36.6                      23.4
60 5  0.05 1.000                     7.7                       52.3
60 5  0.2  1.000                     15.8                      44.2
60 5  0.4  0.859                     26.6                      33.4
60 5  0.6  0.030                     37.4                      22.6
60 8  0.05 1.000                     10.6                      49.4
60 8  0.2  1.000                     18.2                      41.8
60 8  0.4  0.732                     28.4                      31.6
60 8  0.6  0.012                     38.6                      21.4
